4,4,0,0,0,0,0,0,0,0,0,0,0,0,0,0,0,0,0,0,0,0,0,0,0,0,0,0,0,0;
4,4,1,1,1,1,1,1,1,1,1,1,1,1,1,1,1,1,0,0,0,0,0,0,0,0,0,0,0,0;
4,4,1,1,1,1,1,1,1,1,1,1,1,1,1,1,1,1,1,1,0,0,0,0,0,0,0,0,0,0;
4,4,1,1,1,1,1,1,1,1,1,1,1,1,1,1,1,1,1,1,1,1,1,1,1,0,0,0,0,0;
4,4,1,1,1,1,1,1,4,4,4,4,4,4,4,4,1,1,1,1,1,1,1,1,1,4,2,4,3,3;
4,4,1,1,1,1,1,1,4,4,4,4,4,4,4,4,1,1,1,1,1,1,1,1,1,0,2,0,3,3;
4,4,1,1,1,1,1,1,4,4,1,1,1,1,4,4,1,1,1,1,1,1,1,1,1,0,0,0,0,0;
4,4,1,1,1,1,1,1,4,4,1,1,1,1,4,4,1,1,1,1,1,1,1,1,1,0,0,0,0,0;
4,4,4,4,4,4,4,4,4,4,1,1,1,1,4,4,4,4,4,4,4,4,4,4,1,0,0,0,0,0;
4,4,4,4,4,4,4,4,4,4,1,1,1,1,4,4,4,4,4,4,4,4,4,4,1,0,0,0,0,0;
1,1,1,1,1,1,1,1,1,1,1,1,1,1,1,1,1,1,1,1,1,1,4,4,1,0,0,0,0,0;
1,1,1,1,1,1,1,1,1,1,1,1,1,1,1,1,1,1,1,1,1,1,4,4,1,0,0,0,0,0;
1,1,1,1,1,1,1,1,1,1,1,1,1,1,1,1,1,1,1,1,1,1,4,4,1,0,0,0,0,0;
0,0,0,0,0,0,0,0,0,0,1,1,1,1,1,1,1,1,1,1,1,1,4,4,1,0,0,0,0,0;
0,0,0,0,0,0,0,0,0,0,0,0,0,1,1,1,1,1,1,1,1,1,4,4,1,0,0,0,0,0;
0,0,0,0,0,0,0,0,0,0,0,0,0,0,0,0,0,0,0,0,0,0,0,0,0,0,0,0,0,0;
0,0,0,0,0,0,0,0,0,0,0,0,0,0,0,0,0,0,0,0,0,0,0,0,0,0,0,0,0,0;